
 4567 4067 4167 4267 4207 4217 4237 4037 4057 5047 7045 7145 7105 7125 7135
 7035 7065 7061 7021 7321 7301 7341 7340 7320 7420 7460 7462 7432 7532 7542
 7546 7536 7534 7634 7630 7631 7621 7651 7641 7041 7241 2741 2701 2731 2751
 2753 2743 2763 7263 7260 7250 7256 6257 6457 6427 2467

// 05 0123 4567  67  567  4567
// 15 5123 4067      067  0467
// 25 5023 4167      167  1467
// 16 5013 4267      267  2467
// 26 5613 4207  07  027  0247
// 36 5603 4217  17  127  1247
// 25 5601 4237  37  237  2347
// 06 5621 4037      037  0347
// 46 3621 4057  57  057  0457
// 47 3621 5047  47  047
// 35 3621 7045  45  045
// 36 3620 7145      145  1457
// 26 3624 7105  05  015  0157
// 06 3604 7125  25  125  1257
// 25 2604 7135  35  135  1357
// 16 2614 7035      035  0357
// 27 2314 7065  56  056  0567
// 06 2354 7061  16  016  0167
// 15 6354 7021  12  012  0127
// 16 6054 7321      123  1237
// 36 6254 7301  01  013  0137
// 37 6250 7341  14  134  1347
// 16 6251 7340  04  034
// 15 6451 7320  02  023  0237
// 06 6351 7420      024
// 07 2351 7460  06  046
// 16 0351 7462  26  246
// 25 0651 7432  23  234
// 26 0641 7532      235  2357
// 17 0631 7542  24  245  2457
// 26 0231 7546  46  456  
// 27 0241 7536  36  356  3567
// 25 0261 7534  34  345  3457
// 07 0251 7634      346  3467
// 37 4251 7630  03  036  0367
// 16 4250 7631  13  136  1367
// 26 4350 7621      126  1267
// 06 4320 7651  15  156  1567
// 35 5320 7641      146
// 25 5326 7041      014  0147
// 47 5306 7241      124
// 26 5306 2741      147
// 16 5346 2701      017
// 06 5046 2731      137
// 07 3046 2751      157
// 26 1046 2753      357
// 35 1056 2743      347
// 45 1054 2763      367  2367
// 17 1054 7263      236
// 26 1354 7260      026  0267
// 27 1364 7250      025  0257
// 47 1304 7256      256  2567
// 35 1304 6257      257
// 35 1302 6457      457
// 46 1305 6427  27  247
//    1305 2467      467

