
BCPL Cintcode System (26 July 2004)
0> gen1
000001100
000001101
000001001
000001000
000000000
000000001
000010001
000010000
000011000
000011001
000011101
000011100
001011100
001011101
001011001
001011000
001010000
001010001
001000001
001000000
001001000
001001001
001001101
001001100
001101100
001101101
001101001
001101000
001100000
001100001
001110001
001110000
001111000
001111001
001111101
001111100
011111100
011111101
011111001
011111000
011110000
011110001
011010001
011010000
011011000
011011001
011011101
011011100
111011100
111011100
111011100
111011100
111011100
111011100
111011100
111011100
111011100
111011100
111011100
111011100
111011100
111011100
111011100
111011100
111011100
End of test
10> 
