      0       0    1000
      0      47     998
      0      99     995
      0     155     990
      0     216     984
      0     282     978
      0     352     973
     -1     426     969
     -2     504     968
     -3     586     969
     -5     670     975
     -7     756     984
    -10     843     997
    -13     930    1016
    -17    1018    1039
    -22    1104    1067
    -28    1188    1100
    -34    1269    1137
    -42    1346    1179
    -50    1419    1224
    -59    1487    1273
    -69    1549    1324
    -79    1606    1377
    -91    1656    1431
   -103    1699    1486
   -116    1735    1540
   -130    1765    1592
   -145    1788    1643
   -160    1804    1690
   -176    1814    1733
   -193    1817    1772
   -210    1814    1806
   -229    1805    1833
   -248    1789    1852
   -268    1767    1862
   -287    1738    1861
   -303    1703    1846
   -314    1664    1816
   -316    1622    1772
   -308    1580    1714
   -287    1540    1644
   -253    1503    1564
   -203    1472    1476
   -137    1448    1383
    -55    1433    1288
     40    1428    1193
    151    1435    1102
    274    1454    1016
    409    1485     939
    552    1529     874
    701    1586     820
    853    1655     781
   1006    1736     758
   1157    1826     751
   1304    1926     760
   1442    2033     786
   1570    2146     827
   1686    2264     884
   1787    2383     954
   1872    2503    1036
   1939    2621    1128
   1988    2736    1228
   2017    2845    1333
   2027    2947    1441
   2019    3040    1550
   1991    3123    1657
   1946    3194    1758
   1885    3252    1853
   1810    3297    1937
   1722    3327    2010
   1624    3342    2068
   1519    3341    2110
   1411    3325    2133
   1302    3293    2138
   1196    3246    2122
   1097    3185    2086
   1010    3111    2029
    939    3027    1954
    886    2933    1860
    855    2833    1752
    848    2730    1630
    868    2626    1499
    915    2525    1362
    990    2428    1223
   1092    2340    1084
   1219    2263     950
   1370    2200     825
   1543    2151     710
   1733    2120     610
   1937    2108     525
   2152    2115     460
   2372    2141     414
   2593    2187     389
   2812    2252     385
   3022    2336     401
   3221    2436     438
   3405    2551     494
   3569    2678     567
   3711    2816     655
   3828    2961     755
   3918    3111     866
   3981    3263     984
   4015    3414    1105
   4020    3560    1227
   3997    3699    1347
   3946    3829    1461
   3871    3945    1566
   3773    4047    1660
   3655    4131    1740
   3520    4196    1803
   3372    4240    1848
   3216    4263    1874
   3056    4263    1878
   2896    4240    1861
   2742    4194    1822
   2599    4126    1762
   2472    4038    1682
   2364    3932    1585
   2280    3810    1471
   2224    3674    1345
   2198    3530    1209
   2204    3380    1066
   2242    3228     920
   2314    3078     775
   2418    2934     634
   2553    2800     501
   2717    2680     378
   2905    2576     269
   3115    2492     176
   3342    2430     101
   3581    2392      45
   3828    2379      10
   4077    2392      -3
