1
2
3
4
5
6
7
8
9
10
11
1
2
3
4
5
6
7
8
9
10
11
12
13
12
13
14
14
15
16
17
18
19
15
16
17
18
19
20
21
22
23
24
25
26
27
28
29
30
31
32
33
34
35
36
37
38
39
40
41
42
43
44
45
46
47
48
49
50
51
52
53
54
55
56
57
58
59
60
61
62
63
64
65
66
67
68
69
70
71
72
73
74
75
76
77
78
79
20
21
22
23
24
25
26
27
28
29
30
31
32
33
34
35
36
37
38
39
40
41
42
43
44
45
46
47
48
49
50
51
52
53
54
55
56
57
58
59
60
61
62
63
64
65
66
67
68
69
70
71
72
73
74
75
76
77
78
79
80
80
81
82
83
81
82
83
84
84
85
86
87
85
86
87
88
88
89
89
90
91
90
91
92
92
93
94
93
94
95
96
95
96
97
98
99
97
98
99
100
100
101
102
101
102
103
104
105
106
107
103
104
105
106
107
108
109
110
111
112
113
108
109
110
111
112
113
114
115
116
117
118
119
120
121
114
115
116
117
118
119
120
121
122
122
123
124
125
126
127
128
129
130
123
124
125
126
127
128
129
130
1
2
3
4
1
2
3
4
5
5
6
7
8
9
10
11
12
13
14
15
6
7
8
9
10
11
12
13
14
15
16
16
17
17
18
18
19
19
20
20
21
21
22
23
24
25
22
23
24
25
26
27
28
26
27
28
29
30
31
32
29
30
31
32
1
2
1
2
3
3
4
5
4
5
6
7
6
7
8
8
9
9
10
10
11
11
12
12
13
13
14
14
15
15
16
16
17
17
18
18
19
19
20
20
21
21
22
22
23
23
24
25
24
25
26
26
27
28
29
30
31
27
28
29
30
31
32
33
34
35
36
37
38
39
40
41
42
43
44
45
46
47
48
49
50
51
52
32
33
34
35
36
37
38
39
40
41
42
43
44
45
46
47
48
49
50
51
52
53
54
53
54
55
56
57
58
59
60
61
62
63
64
65
66
67
68
69
70
71
72
73
74
75
76
77
78
79
80
81
82
83
84
85
86
55
56
57
58
59
60
61
62
63
64
65
66
67
68
69
70
71
72
73
74
75
76
77
78
79
80
81
82
83
84
85
86
