


       .    A    B    C    D    E    F    G    H    I    J    K    L    M    N    O    P    Q    R    S    T    U    V    W    X    Y    Z
.:       3578 3202 4422 2807 1953 1878 1382 1515 1989  447  398 1383 2401  830  990 3420  240 2766 5131 1935  807  644 1107   12  119   61
A:   903   15 1348 1629 1132   90  262  838  104  990   26  351 3360 1118 4206   25  950   23 3253 1658 4633  609  493  258  122  436  129 28961
B:   106  958  190   16   29 1130    6    6   10  765   29    1 1469   22   15  798   12    0  717  271   51  639   16    7    0  105    0  7368
C:   558 1970    2  291   14 1651    2   11 1763 1080    0 1006  642    9   11 2752    2   33  869  139 1297  713    0    0    0  179    7 15001
D:  4901  659   38   25  244 2805   34  172   41 2100   47    3  319   88   79  606   17    3  401  480   17  474   73   77    0  145    1 13849
E:  5444 1815  222 1506 4733  881  498  493  126  397   39   66 2219 1065 4318  272  663  145 7703 6388 1542  182  570  329  696  323   52 42687
F:   135  482    0    2    1  623  445    4    2  948    0    2  431    5    7  641    0    0  407   52  163  457    0    1    0  116    0  4924
G:  3929  683    7    0    4 1310    9  247  479  606    1    2  501   62  253  402    8    0  859  418   42  397    0    9    0  109    1 10338
H:   669 1310   27    5   13 1951   37    4   15 1177    0    4   92  100   70 1078   10    2  272   82  325  333    2   44    0  186    0  7808
I:   182 1496  489 2501  894 1658  602  876   14   11   19  115 1656 1006 8427 2616  542   41  894 2650 2426   92 1011    8   93    2 1127 31448
J:     1  138    0    0    0  162    0    0    0   27    0    1    0    0    0  185    0    0    0    0    0  213    0    0    0    0    0   727
K:   498  188   25    4    7  970   19    2   34  524    3    8  160   25  126   72   14    0   38  319   22   40    2   24    0   85    0  3209
L:  1500 2306   61   90  382 3929   87   72   19 3044    1  120 2062  138   83 1474   91    2   26  566  462  623  131   24    0 2171    6 19470
M:   624 1747  457   72    4 1950   27    0    8 1509    0    2   37  402   72 1039 1034    1    7  271    5  450    5    5    0   75    0  9803
N:  3291 1556   73 1382 1796 2915  333 4943  110 1923   63  329  144   71  523  894   52   58   68 2341 3290  318  260   56    9  143   32 26973
O:   420  421  373  744  600  146  219  515   75  378   23  219 1310 1313 5099  830  777   13 3061  940  928 1711  500  697   79  161   36 21588
P:   299 1156   12    6    6 1777    9    7  605  823    1   10  869   17   12 1118  528    0 1515  335  463  416    0    9    0   69    1 10063
Q:     2    1    0    0    0    0    0    0    0    2    0    0    0    0    0    0    0    0    0    0    0  677    0    0    0    0    0   682
R:  3010 3425  245  480  675 5152  142  379   67 3337    7  262  301  631  531 2417  268    7  675 2260 1165  731  215   78    6  576    2 27044
S: 11734  792   64  882   29 2247   63   36 1276 1871   12  248  540  404  236  899  932  104   26 2040 3751  980   17  197    0  256    2 29638
T:  2537 2028   29  245    7 5023   82   18 1302 5514    0    8  507   80   97 1625   23    0 1780 1248  831  781    8  101    0  672   52 24598
U:    62  523  446  491  397  487  139  313    8  460    8   29 1212  698 1656   80  389    6 1511 1665 1019    4   17    5   32   20   36 11713
V:    18  608    0    0    1 2089    0    0    0  906    0    0    4    0    0  302    0    0    3    4    0   21    0    0    0   15    0  3971
W:   188  637   24    8   38  535   16    1  193  513    0   20  105   11  184  305    5    0  118  135   12    6    0    0    0   19    0  3073
X:   131   82    1  105    0  141    3    1   28  162    0    0    4    1    1   35  185    3    0    0  142   15    1    3    1    8    0  1053
Y:  4207  130   32   94   35  208   12   17   14  178    1    4  109  134  137   88  139    1   73  244   75   15    4   31    3    0   19  6004
Z:    68  257    1    1    1  904    0    1    0  214    0    1   34    2    0   45    2    0    2    1    2    9    2    3    0   14   67  1631
