
( 0  0):    21  21  21  21  20  20  20  20  20  20
( 0 10):    20  20  20  20  20  20  20  20  19  19
( 0 20):    19  19  19  19  19  19  19  18  18  18
( 0 30):    17  17  17  17  17  18  18  18  18  18
( 0 40):    18  18  17  17  17  17  16  16  16  15
( 0 50):    15  14  14  14  14  14  16  17  17  17
( 0 60):    16  16  17  16  16  15  15  14  13  13
( 0 70):    12  11  10  10   9   8   8   7  22  21
( 0 80):    20  19  18  17  16  15  14  13  12  11
( 0 90):    10   9   8   7   6   5   4   3   2   1

( 1  0):    21  21  21  21  21  20  20  20  20  20
( 1 10):    20  20  20  20  20  20  20  20  20  19
( 1 20):    19  19  19  19  19  19  19  18  18  18
( 1 30):    17  17  17  17  18  18  18  18  18  18
( 1 40):    18  18  17  17  17  17  16  16  16  15
( 1 50):    15  14  14  14  14  15  17  17  17  16
( 1 60):    16  16  17  16  16  15  15  14  13  13
( 1 70):    12  11  10  10   9   8   8   7  22  21
( 1 80):    20  19  18  17  16  15  14  13  12  11
( 1 90):    10   9   8   7   6   5   4   3   2   1

( 2  0):    21  21  21  21  21  20  20  20  20  20
( 2 10):    20  20  20  20  20  20  20  20  20  20
( 2 20):    19  19  19  19  19  19  19  18  18  18
( 2 30):    17  17  17  18  18  18  19  18  18  18
( 2 40):    18  18  17  17  17  17  16  16  15  15
( 2 50):    15  14  14  14  14  15  17  17  17  16
( 2 60):    16  17  17  16  16  15  15  14  13  13
( 2 70):    12  11  10  10   9   8   8   7  22  21
( 2 80):    20  19  18  17  16  15  14  13  12  11
( 2 90):    10   9   8   7   6   5   4   3   2   1

( 3  0):    21  21  21  21  21  20  20  20  20  20
( 3 10):    20  20  20  20  20  20  20  20  20  20
( 3 20):    20  19  19  19  19  19  19  18  18  18
( 3 30):    17  17  17  18  18  19  19  18  18  18
( 3 40):    18  18  17  17  17  17  16  16  15  15
( 3 50):    15  14  14  14  14  16  17  17  17  16
( 3 60):    16  17  17  16  16  15  15  14  13  13
( 3 70):    12  11  10  10   9   8   8   7  22  21
( 3 80):    20  19  18  17  16  15  14  13  12  11
( 3 90):    10   9   8   7   6   5   4   3   2   1

( 4  0):    21  21  21  21  21  20  20  20  20  20
( 4 10):    20  20  20  20  20  20  20  20  20  20
( 4 20):    20  20  19  19  19  19  18  18  18  18
( 4 30):    18  18  18  18  19  19  19  18  18  18
( 4 40):    18  18  18  17  17  17  16  16  15  15
( 4 50):    15  15  14  14  15  17  17  17  17  16
( 4 60):    16  17  17  16  16  15  15  14  13  13
( 4 70):    12  11  10  10   9   8   8   7  22  21
( 4 80):    20  19  18  17  16  15  14  13  12  11
( 4 90):    10   9   8   7   6   5   4   3   2   1

( 5  0):    21  21  21  21  21  21  20  20  20  20
( 5 10):    20  21  21  20  20  20  20  20  20  20
( 5 20):    20  20  19  19  19  19  18  18  18  18
( 5 30):    18  18  18  19  19  19  19  18  18  18
( 5 40):    18  18  18  17  17  17  16  16  15  15
( 5 50):    15  15  14  15  16  17  17  17  17  16
( 5 60):    16  17  17  16  16  15  15  14  13  12
( 5 70):    12  11  10  10   9   8   8   7  22  21
( 5 80):    20  19  18  17  16  15  14  13  12  11
( 5 90):    10   9   8   7   6   5   4   3   2   1

( 6  0):    21  21  21  21  21  21  21  20  20  21
( 6 10):    21  21  21  20  20  20  20  20  20  20
( 6 20):    20  20  19  19  19  19  18  18  18  18
( 6 30):    18  18  19  19  19  19  19  18  18  18
( 6 40):    18  18  18  17  17  17  16  16  15  15
( 6 50):    15  15  15  15  16  17  17  17  17  16
( 6 60):    16  17  17  16  16  15  15  14  13  12
( 6 70):    12  11  10  10   9   8   8   7  22  21
( 6 80):    20  19  18  17  16  15  14  13  12  11
( 6 90):    10   9   8   7   6   5   4   3   2   1

( 7  0):    21  21  21  21  21  21  21  21  21  21
( 7 10):    21  21  21  21  20  20  20  20  20  20
( 7 20):    20  20  19  19  19  19  18  18  18  18
( 7 30):    18  19  19  19  19  19  19  18  18  18
( 7 40):    18  18  18  17  17  17  16  16  15  15
( 7 50):    15  15  15  15  17  17  17  17  16  16
( 7 60):    18  18  17  16  16  15  15  14  13  12
( 7 70):    12  11  10  10   9   8   8   7  22  21
( 7 80):    20  19  18  17  16  15  14  13  12  11
( 7 90):    10   9   8   7   6   5   4   3   2   1

( 8  0):    21  21  21  21  21  21  21  21  21  21
( 8 10):    21  21  21  21  21  20  20  20  20  20
( 8 20):    20  20  19  19  19  19  18  18  18  18
( 8 30):    19  19  19  19  19  19  19  18  18  18
( 8 40):    18  18  18  17  17  17  16  16  16  15
( 8 50):    15  15  15  16  17  17  17  17  16  16
( 8 60):    18  18  17  16  16  15  14  14  13  12
( 8 70):    12  11  10  10   9   8   7   7  22  21
( 8 80):    20  19  18  17  16  15  14  13  12  11
( 8 90):    10   9   8   7   6   5   4   3   2   1

( 9  0):    21  21  21  21  21  21  21  21  21  21
( 9 10):    21  21  21  21  21  21  20  20  20  20
( 9 20):    20  20  19  19  19  19  19  18  18  19
( 9 30):    19  19  19  19  19  19  19  18  18  18
( 9 40):    18  18  18  17  17  17  16  16  16  15
( 9 50):    15  15  15  17  17  17  17  17  16  16
( 9 60):    18  18  17  16  16  15  14  14  13  12
( 9 70):    12  11  10  10   9   8   7   8  22  21
( 9 80):    20  19  18  17  16  15  14  13  12  11
( 9 90):    10   9   8   7   6   5   4   3   2   1

(10  0):    22  21  21  21  21  21  21  21  21  21
(10 10):    21  21  21  21  21  21  21  20  20  20
(10 20):    20  20  19  19  19  19  19  19  19  19
(10 30):    19  19  19  19  19  19  19  18  18  18
(10 40):    18  18  18  17  17  17  16  16  16  15
(10 50):    15  15  16  17  17  17  17  17  16  16
(10 60):    18  18  17  16  16  15  14  14  13  12
(10 70):    12  11  10   9   9   8   7   9  22  21
(10 80):    20  19  18  17  16  15  14  13  12  11
(10 90):    10   9   8   7   6   5   4   3   2   1

(11  0):    22  22  21  21  21  21  22  21  21  21
(11 10):    21  21  21  21  21  21  21  21  20  20
(11 20):    20  20  20  19  19  19  19  19  19  19
(11 30):    19  19  19  19  19  19  19  19  18  18
(11 40):    18  18  18  17  17  17  16  16  16  16
(11 50):    15  15  16  18  18  17  17  17  16  16
(11 60):    18  18  17  16  16  15  14  14  13  12
(11 70):    12  11  10   9   9   8   7  23  22  21
(11 80):    20  19  18  17  16  15  14  13  12  11
(11 90):    10   9   8   7   6   5   4   3   2   1

(12  0):    22  22  22  22  22  22  22  22  21  21
(12 10):    21  21  21  21  21  21  21  21  20  20
(12 20):    20  20  20  19  19  19  19  19  19  19
(12 30):    20  20  19  19  19  19  19  19  18  18
(12 40):    18  18  18  17  17  17  16  16  16  16
(12 50):    16  16  17  18  18  17  17  17  16  16
(12 60):    18  18  17  16  16  15  14  14  13  12
(12 70):    12  11  10   9   9   8   7  23  22  21
(12 80):    20  19  18  17  16  15  14  13  12  11
(12 90):    10   9   8   7   6   5   4   3   2   1

(13  0):    22  22  22  22  22  22  22  22  21  21
(13 10):    21  21  21  21  21  21  21  21  20  20
(13 20):    20  20  20  19  19  19  19  19  20  20
(13 30):    20  20  19  19  19  19  19  19  18  18
(13 40):    18  18  18  17  17  17  16  16  16  16
(13 50):    16  16  18  18  18  17  17  16  16  19
(13 60):    18  18  17  16  16  15  14  14  13  12
(13 70):    11  11  10   9   9   8   7  23  22  21
(13 80):    20  19  18  17  16  15  14  13  12  11
(13 90):    10   9   8   7   6   5   4   3   2   1

(14  0):    22  22  22  22  22  22  22  22  21  21
(14 10):    21  21  21  21  21  21  21  21  21  20
(14 20):    20  20  20  20  19  19  19  20  20  20
(14 30):    20  20  19  19  19  19  19  19  18  18
(14 40):    18  18  18  17  17  17  16  16  16  16
(14 50):    16  17  18  18  18  17  17  16  16  19
(14 60):    18  18  17  16  16  15  14  14  13  12
(14 70):    11  11  10   9   9   8   8  23  22  21
(14 80):    20  19  18  17  16  15  14  13  12  11
(14 90):    10   9   8   7   6   5   4   3   2   1

(15  0):    22  22  22  22  22  22  22  22  21  21
(15 10):    21  21  21  21  21  21  21  21  21  20
(15 20):    20  20  20  20  20  20  20  20  20  20
(15 30):    20  20  20  19  19  19  19  19  19  18
(15 40):    18  18  18  17  17  17  16  16  16  16
(15 50):    16  18  18  18  18  17  17  16  16  19
(15 60):    18  18  17  16  16  15  14  14  13  12
(15 70):    11  11  10   9   9   8   8  23  22  21
(15 80):    20  19  18  17  16  15  14  13  12  11
(15 90):    10   9   8   7   6   5   4   3   2   1

(16  0):    23  22  22  22  22  22  22  22  22  21
(16 10):    21  21  21  21  21  21  21  21  21  20
(16 20):    20  20  20  20  20  20  20  20  20  20
(16 30):    20  20  20  19  19  19  19  19  19  18
(16 40):    18  18  18  17  17  17  17  16  16  16
(16 50):    17  18  18  18  18  17  17  16  16  19
(16 60):    18  18  17  16  16  15  14  13  13  12
(16 70):    11  11  10   9   9   8   8  23  22  21
(16 80):    20  19  18  17  16  15  14  13  12  11
(16 90):    10   9   8   7   6   5   4   3   2   1

(17  0):    23  23  22  22  22  22  22  22  22  22
(17 10):    22  22  22  21  21  21  21  21  21  21
(17 20):    20  20  20  20  20  20  20  20  20  20
(17 30):    20  20  20  19  19  19  19  19  19  19
(17 40):    18  18  18  17  17  17  17  17  16  17
(17 50):    18  18  18  18  17  17  16  16  19  19
(17 60):    18  18  17  16  16  15  14  13  13  12
(17 70):    11  11  10   9   8   8   8  23  22  21
(17 80):    20  19  18  17  16  15  14  13  12  11
(17 90):    10   9   8   7   6   5   4   3   2   1

(18  0):    23  23  23  22  22  22  22  22  22  22
(18 10):    22  22  22  22  22  21  21  21  21  21
(18 20):    20  20  20  20  20  20  20  20  20  20
(18 30):    20  20  20  19  19  19  19  19  19  19
(18 40):    18  18  18  18  17  17  17  17  17  17
(18 50):    18  18  18  18  17  17  16  16  19  19
(18 60):    18  18  17  16  16  15  14  13  13  12
(18 70):    11  11  10   9   8   8   9  23  22  21
(18 80):    20  19  18  17  16  15  14  13  12  11
(18 90):    10   9   8   7   6   5   4   3   2   1

(19  0):    23  23  23  22  22  22  22  22  22  22
(19 10):    22  22  22  22  22  21  21  21  21  21
(19 20):    21  20  20  20  20  21  21  20  20  20
(19 30):    20  20  20  19  19  19  19  19  19  19
(19 40):    18  18  18  18  17  17  17  17  17  18
(19 50):    18  18  18  18  17  17  16  16  19  19
(19 60):    18  17  17  16  15  15  14  13  13  12
(19 70):    11  10  10   9   8   8  24  23  22  21
(19 80):    20  19  18  17  16  15  14  13  12  11
(19 90):    10   9   8   7   6   5   4   3   2   1

(20  0):    23  23  23  22  22  22  22  22  22  22
(20 10):    22  22  22  22  22  22  21  21  21  21
(20 20):    21  21  21  21  21  21  21  21  21  20
(20 30):    20  20  20  19  19  19  19  19  19  19
(20 40):    19  18  18  18  17  17  17  17  17  18
(20 50):    19  18  18  18  17  17  16  20  19  19
(20 60):    18  17  17  16  15  15  14  13  13  12
(20 70):    11  10  10   9   8   8  24  23  22  21
(20 80):    20  19  18  17  16  15  14  13  12  11
(20 90):    10   9   8   7   6   5   4   3   2   1

(21  0):    23  23  23  23  22  22  22  22  22  22
(21 10):    22  22  22  22  22  22  21  21  21  21
(21 20):    21  21  21  21  21  21  21  21  21  20
(21 30):    20  20  20  19  19  19  19  19  19  19
(21 40):    19  18  18  18  17  17  17  17  18  19
(21 50):    19  18  18  18  17  17  16  20  19  19
(21 60):    18  17  17  16  15  15  14  13  12  12
(21 70):    11  10  10   9   8   8  24  23  22  21
(21 80):    20  19  18  17  16  15  14  13  12  11
(21 90):    10   9   8   7   6   5   4   3   2   1

(22  0):    23  23  23  23  23  23  22  22  22  22
(22 10):    22  22  22  22  22  22  21  21  21  21
(22 20):    21  21  21  21  21  21  21  21  21  20
(22 30):    20  20  20  19  19  19  19  19  19  19
(22 40):    19  18  18  18  18  17  17  18  18  19
(22 50):    19  18  18  17  17  16  16  20  19  19
(22 60):    18  17  17  16  15  15  14  13  12  12
(22 70):    11  10  10   9   8   8  24  23  22  21
(22 80):    20  19  18  17  16  15  14  13  12  11
(22 90):    10   9   8   7   6   5   4   3   2   1

(23  0):    23  23  23  23  23  23  23  23  23  23
(23 10):    22  22  22  22  22  22  21  21  21  21
(23 20):    21  21  21  21  21  21  21  21  21  20
(23 30):    20  20  20  19  19  19  20  20  19  19
(23 40):    19  18  18  18  18  18  18  18  19  19
(23 50):    19  18  18  17  17  16  20  20  19  19
(23 60):    18  17  17  16  15  15  14  13  12  12
(23 70):    11  10   9   9   9   9  24  23  22  21
(23 80):    20  19  18  17  16  15  14  13  12  11
(23 90):    10   9   8   7   6   5   4   3   2   1

(24  0):    23  23  23  23  23  23  23  23  23  23
(24 10):    23  23  22  22  22  22  21  21  21  21
(24 20):    22  22  22  22  21  21  21  21  21  20
(24 30):    20  20  20  19  19  20  20  20  19  19
(24 40):    19  18  18  18  18  18  18  19  19  19
(24 50):    19  18  18  17  17  16  20  20  19  19
(24 60):    18  17  17  16  15  14  14  13  12  12
(24 70):    11  10   9   9   9   9  24  23  22  21
(24 80):    20  19  18  17  16  15  14  13  12  11
(24 90):    10   9   8   7   6   5   4   3   2   1

(25  0):    23  23  23  23  23  23  23  23  23  23
(25 10):    23  23  22  22  22  22  22  21  22  22
(25 20):    22  22  22  22  22  21  21  21  21  20
(25 30):    20  20  20  20  20  20  20  20  19  19
(25 40):    19  19  18  18  18  18  18  19  19  19
(25 50):    19  18  17  17  16  16  20  20  19  19
(25 60):    18  17  17  16  15  14  14  13  12  11
(25 70):    11  10   9   9   9  10  24  23  22  21
(25 80):    20  19  18  17  16  15  14  13  12  11
(25 90):    10   9   8   7   6   5   4   3   2   1

(26  0):    24  23  23  23  23  23  23  23  23  23
(26 10):    23  23  22  22  22  22  22  22  22  22
(26 20):    22  22  22  22  22  21  21  21  21  20
(26 30):    20  20  20  20  20  20  20  20  19  19
(26 40):    19  19  18  18  18  18  19  19  19  19
(26 50):    18  18  17  17  16  21  20  20  19  19
(26 60):    18  17  16  16  15  14  14  13  12  11
(26 70):    11  10   9   9   9  25  24  23  22  21
(26 80):    20  19  18  17  16  15  14  13  12  11
(26 90):    10   9   8   7   6   5   4   3   2   1

(27  0):    24  24  24  24  23  23  23  23  23  23
(27 10):    23  23  22  22  22  22  22  22  22  22
(27 20):    22  22  22  22  22  21  21  21  20  20
(27 30):    20  20  20  20  21  20  20  20  20  19
(27 40):    19  19  19  18  19  19  19  19  19  19
(27 50):    18  18  17  17  16  21  20  20  19  18
(27 60):    18  17  16  16  15  14  13  13  12  11
(27 70):    11  10   9   9   9  25  24  23  22  21
(27 80):    20  19  18  17  16  15  14  13  12  11
(27 90):    10   9   8   7   6   5   4   3   2   1

(28  0):    24  24  24  24  24  24  24  23  23  23
(28 10):    23  23  22  22  22  22  22  23  23  23
(28 20):    22  22  22  22  22  21  21  21  20  20
(28 30):    20  20  20  21  21  21  20  20  20  19
(28 40):    19  19  19  19  19  19  19  19  19  19
(28 50):    18  18  17  16  16  21  20  20  19  18
(28 60):    18  17  16  16  15  14  13  13  12  11
(28 70):    11  10   9   9   9  25  24  23  22  21
(28 80):    20  19  18  17  16  15  14  13  12  11
(28 90):    10   9   8   7   6   5   4   3   2   1

(29  0):    24  24  24  24  24  24  24  24  23  23
(29 10):    23  23  23  23  23  23  23  23  23  23
(29 20):    22  22  22  22  22  21  21  21  20  20
(29 30):    20  20  21  21  21  21  20  20  20  19
(29 40):    19  19  19  19  19  20  19  19  19  18
(29 50):    18  17  17  16  21  21  20  20  19  18
(29 60):    18  17  16  16  15  14  13  13  12  11
(29 70):    10  10   9   9   9  25  24  23  22  21
(29 80):    20  19  18  17  16  15  14  13  12  11
(29 90):    10   9   8   7   6   5   4   3   2   1

(30  0):    24  24  24  24  24  24  24  24  23  23
(30 10):    23  23  23  23  23  23  23  23  23  23
(30 20):    23  22  22  22  21  21  21  21  21  20
(30 30):    21  21  21  21  21  21  20  20  20  19
(30 40):    19  19  19  19  20  20  19  19  19  18
(30 50):    18  17  17  16  21  21  20  20  19  18
(30 60):    18  17  16  15  15  14  13  13  12  11
(30 70):    10  10   9  10  10  25  24  23  22  21
(30 80):    20  19  18  17  16  15  14  13  12  11
(30 90):    10   9   8   7   6   5   4   3   2   1

(31  0):    25  24  24  24  24  24  24  24  23  23
(31 10):    23  23  23  23  23  23  23  23  23  23
(31 20):    23  22  22  22  21  21  21  21  21  21
(31 30):    21  22  22  21  21  21  20  20  20  20
(31 40):    19  19  20  20  20  20  19  19  19  18
(31 50):    18  17  17  22  21  21  20  20  19  18
(31 60):    18  17  16  15  15  14  13  12  12  11
(31 70):    10  10  10  10  26  25  24  23  22  21
(31 80):    20  19  18  17  16  15  14  13  12  11
(31 90):    10   9   8   7   6   5   4   3   2   1

(32  0):    25  25  24  24  24  24  24  24  24  24
(32 10):    23  23  24  24  24  24  23  23  23  23
(32 20):    22  22  22  22  21  21  21  21  21  21
(32 30):    22  22  22  21  21  21  20  20  20  20
(32 40):    20  20  20  20  20  20  19  19  18  18
(32 50):    17  17  17  22  21  21  20  20  19  18
(32 60):    17  17  16  15  14  14  13  12  12  11
(32 70):    10  10  10  10  26  25  24  23  22  21
(32 80):    20  19  18  17  16  15  14  13  12  11
(32 90):    10   9   8   7   6   5   4   3   2   1

(33  0):    25  25  25  24  24  24  24  24  24  24
(33 10):    24  24  24  24  24  24  23  23  23  23
(33 20):    22  22  22  22  22  21  21  21  21  22
(33 30):    22  22  22  21  21  21  20  20  20  20
(33 40):    20  20  20  20  20  20  19  19  18  18
(33 50):    17  17  18  22  21  21  20  19  19  18
(33 60):    17  17  16  15  14  14  13  12  11  11
(33 70):    10  10  10  10  26  25  24  23  22  21
(33 80):    20  19  18  17  16  15  14  13  12  11
(33 90):    10   9   8   7   6   5   4   3   2   1

(34  0):    25  25  25  25  25  24  24  24  24  24
(34 10):    24  24  24  24  24  24  23  23  23  23
(34 20):    22  22  22  22  22  22  22  22  22  23
(34 30):    22  22  22  21  21  21  20  20  20  20
(34 40):    21  21  20  20  20  19  19  19  18  18
(34 50):    17  17  23  22  21  21  20  19  19  18
(34 60):    17  16  16  15  14  14  13  12  11  11
(34 70):    10  10  10  10  26  25  24  23  22  21
(34 80):    20  19  18  17  16  15  14  13  12  11
(34 90):    10   9   8   7   6   5   4   3   2   1

(35  0):    25  25  25  25  25  25  24  24  24  24
(35 10):    24  24  24  24  24  24  23  23  23  23
(35 20):    23  22  22  22  22  22  22  22  23  23
(35 30):    22  22  22  21  21  21  20  20  20  21
(35 40):    21  21  20  20  20  19  19  18  18  18
(35 50):    17  18  23  22  21  21  20  19  19  18
(35 60):    17  16  16  15  14  13  13  12  11  10
(35 70):    10  10  10  11  26  25  24  23  22  21
(35 80):    20  19  18  17  16  15  14  13  12  11
(35 90):    10   9   8   7   6   5   4   3   2   1

(36  0):    26  25  25  25  25  25  25  24  24  24
(36 10):    24  24  24  24  24  24  24  23  23  23
(36 20):    23  22  22  22  22  22  22  23  23  23
(36 30):    22  22  22  21  21  21  20  21  21  21
(36 40):    21  21  20  20  20  19  19  18  18  18
(36 50):    18  23  22  22  21  21  20  19  18  18
(36 60):    17  16  15  15  14  13  12  12  11  11
(36 70):    11  11  11  27  26  25  24  23  22  21
(36 80):    20  19  18  17  16  15  14  13  12  11
(36 90):    10   9   8   7   6   5   4   3   2   1

(37  0):    26  26  25  25  25  25  25  25  24  24
(37 10):    25  25  24  24  24  24  24  23  23  23
(37 20):    23  23  22  22  22  23  23  23  23  23
(37 30):    22  22  21  21  21  20  21  21  22  21
(37 40):    21  21  20  20  20  19  19  19  18  18
(37 50):    19  23  22  22  21  20  20  19  18  18
(37 60):    17  16  15  15  14  13  12  12  11  11
(37 70):    11  11  11  27  26  25  24  23  22  21
(37 80):    20  19  18  17  16  15  14  13  12  11
(37 90):    10   9   8   7   6   5   4   3   2   1

(38  0):    26  26  25  25  25  25  25  25  25  25
(38 10):    25  25  24  24  24  24  24  24  23  23
(38 20):    23  23  23  23  23  23  24  23  23  23
(38 30):    22  22  21  21  21  21  21  22  22  22
(38 40):    21  21  20  20  20  19  19  19  18  18
(38 50):    24  23  22  22  21  20  20  19  18  17
(38 60):    17  16  15  14  14  13  12  11  11  11
(38 70):    11  11  11  27  26  25  24  23  22  21
(38 80):    20  19  18  17  16  15  14  13  12  11
(38 90):    10   9   8   7   6   5   4   3   2   1

(39  0):    26  26  25  25  25  25  25  25  25  25
(39 10):    25  25  25  25  24  24  24  24  24  23
(39 20):    23  23  23  23  24  24  24  23  23  22
(39 30):    22  21  21  21  21  22  22  22  22  22
(39 40):    21  21  20  20  20  19  19  19  18  24
(39 50):    24  23  22  22  21  20  19  19  18  17
(39 60):    16  16  15  14  14  13  12  11  11  11
(39 70):    11  11  12  27  26  25  24  23  22  21
(39 80):    20  19  18  17  16  15  14  13  12  11
(39 90):    10   9   8   7   6   5   4   3   2   1

(40  0):    26  26  25  25  25  25  25  25  25  25
(40 10):    25  25  25  25  25  24  24  24  24  24
(40 20):    24  24  24  24  24  24  23  23  23  22
(40 30):    22  21  21  21  22  22  22  22  22  22
(40 40):    21  21  21  20  20  19  19  19  19  24
(40 50):    23  23  22  21  21  20  19  19  18  17
(40 60):    16  16  15  14  13  13  12  11  11  11
(40 70):    11  11  28  27  26  25  24  23  22  21
(40 80):    20  19  18  17  16  15  14  13  12  11
(40 90):    10   9   8   7   6   5   4   3   2   1

(41  0):    26  26  25  25  25  25  25  25  25  25
(41 10):    25  25  25  25  25  25  24  24  24  24
(41 20):    24  24  24  24  24  24  23  23  22  22
(41 30):    22  22  22  22  22  23  23  22  22  22
(41 40):    21  21  21  20  20  19  19  19  25  24
(41 50):    23  23  22  21  21  20  19  18  18  17
(41 60):    16  15  15  14  13  12  12  12  12  12
(41 70):    12  12  28  27  26  25  24  23  22  21
(41 80):    20  19  18  17  16  15  14  13  12  11
(41 90):    10   9   8   7   6   5   4   3   2   1

(42  0):    26  26  25  25  25  25  25  25  26  26
(42 10):    26  26  25  25  25  25  25  24  24  24
(42 20):    24  24  24  24  24  23  23  22  22  22
(42 30):    22  22  22  22  23  23  23  23  22  22
(42 40):    21  21  21  20  20  20  19  20  25  24
(42 50):    23  23  22  21  20  20  19  18  17  17
(42 60):    16  15  14  14  13  12  12  12  12  12
(42 70):    12  12  28  27  26  25  24  23  22  21
(42 80):    20  19  18  17  16  15  14  13  12  11
(42 90):    10   9   8   7   6   5   4   3   2   1

(43  0):    26  26  25  25  25  25  26  26  26  26
(43 10):    26  26  26  25  25  25  25  25  25  25
(43 20):    25  24  24  24  23  23  23  23  22  22
(43 30):    22  23  23  23  23  23  23  23  22  22
(43 40):    21  21  21  20  20  20  20  25  25  24
(43 50):    23  22  22  21  20  19  19  18  17  16
(43 60):    16  15  14  13  13  12  12  12  12  12
(43 70):    12  29  28  27  26  25  24  23  22  21
(43 80):    20  19  18  17  16  15  14  13  12  11
(43 90):    10   9   8   7   6   5   4   3   2   1

(44  0):    26  26  25  25  26  26  26  26  26  26
(44 10):    26  26  26  26  25  25  25  25  25  25
(44 20):    24  24  24  24  23  23  23  23  23  23
(44 30):    23  23  23  24  24  23  23  23  22  22
(44 40):    21  21  21  20  20  20  26  25  24  24
(44 50):    23  22  21  21  20  19  19  18  17  16
(44 60):    15  15  14  13  13  13  12  12  12  12
(44 70):    12  29  28  27  26  25  24  23  22  21
(44 80):    20  19  18  17  16  15  14  13  12  11
(44 90):    10   9   8   7   6   5   4   3   2   1

(45  0):    26  26  26  26  26  26  27  27  27  27
(45 10):    26  26  26  26  26  25  25  25  25  24
(45 20):    24  24  24  24  24  23  23  23  23  23
(45 30):    24  24  24  24  24  23  23  23  22  22
(45 40):    22  21  21  21  20  21  26  25  24  23
(45 50):    23  22  21  21  20  19  18  17  17  16
(45 60):    15  15  14  13  13  13  13  13  13  13
(45 70):    13  29  28  27  26  25  24  23  22  21
(45 80):    20  19  18  17  16  15  14  13  12  11
(45 90):    10   9   8   7   6   5   4   3   2   1

(46  0):    26  26  26  27  27  27  27  27  27  27
(46 10):    27  26  26  26  26  25  25  25  24  24
(46 20):    24  24  24  24  24  24  24  24  24  24
(46 30):    24  24  24  24  24  23  23  23  22  22
(46 40):    22  21  21  21  21  26  25  25  24  23
(46 50):    23  22  21  20  20  19  18  17  16  16
(46 60):    15  14  14  13  13  13  13  13  13  13
(46 70):    30  29  28  27  26  25  24  23  22  21
(46 80):    20  19  18  17  16  15  14  13  12  11
(46 90):    10   9   8   7   6   5   4   3   2   1

(47  0):    26  27  27  27  28  28  28  27  27  27
(47 10):    27  26  26  26  25  25  25  24  24  25
(47 20):    25  25  25  24  24  24  24  24  24  24
(47 30):    25  25  24  24  24  23  23  23  22  22
(47 40):    22  22  21  21  27  26  25  24  24  23
(47 50):    22  22  21  20  19  18  18  17  16  15
(47 60):    15  14  14  14  13  13  13  13  13  13
(47 70):    30  29  28  27  26  25  24  23  22  21
(47 80):    20  19  18  17  16  15  14  13  12  11
(47 90):    10   9   8   7   6   5   4   3   2   1

(48  0):    27  28  28  28  28  28  28  28  27  27
(48 10):    27  26  26  25  25  25  24  24  25  25
(48 20):    25  25  25  25  25  25  25  25  25  25
(48 30):    25  25  25  24  24  24  23  23  23  22
(48 40):    22  22  22  27  26  26  25  24  24  23
(48 50):    22  21  21  20  19  18  17  17  16  15
(48 60):    14  14  14  14  14  14  13  13  13  14
(48 70):    30  29  28  27  26  25  24  23  22  21
(48 80):    20  19  18  17  16  15  14  13  12  11
(48 90):    10   9   8   7   6   5   4   3   2   1

(49  0):    28  29  29  29  29  28  28  28  27  27
(49 10):    26  26  25  25  24  24  26  26  26  26
(49 20):    25  25  25  25  25  25  25  25  25  25
(49 30):    25  25  25  24  24  24  23  23  23  23
(49 40):    22  22  22  27  26  25  25  24  23  22
(49 50):    22  21  20  19  19  18  17  16  16  15
(49 60):    14  14  14  14  14  14  14  14  14  31
(49 70):    30  29  28  27  26  25  24  23  22  21
(49 80):    20  19  18  17  16  15  14  13  12  11
(49 90):    10   9   8   7   6   5   4   3   2   1

(50  0):    29  29  29  29  29  28  28  27  27  26
(50 10):    26  25  25  24  25  27  27  26  26  26
(50 20):    26  26  26  25  25  26  26  26  26  26
(50 30):    25  25  25  24  24  24  24  23  23  23
(50 40):    22  22  27  27  26  25  24  24  23  22
(50 50):    21  21  20  19  18  18  17  16  15  15
(50 60):    15  15  14  14  14  14  14  14  14  31
(50 70):    30  29  28  27  26  25  24  23  22  21
(50 80):    20  19  18  17  16  15  14  13  12  11
(50 90):    10   9   8   7   6   5   4   3   2   1

(51  0):    30  30  29  29  28  28  27  27  26  26
(51 10):    25  25  25  26  27  27  27  27  27  26
(51 20):    26  26  26  26  26  26  26  26  26  26
(51 30):    26  25  25  25  24  24  24  23  23  23
(51 40):    23  28  27  26  26  25  24  23  23  22
(51 50):    21  20  19  19  18  17  16  16  15  15
(51 60):    15  15  15  15  15  14  14  14  32  31
(51 70):    30  29  28  27  26  25  24  23  22  21
(51 80):    20  19  18  17  16  15  14  13  12  11
(51 90):    10   9   8   7   6   5   4   3   2   1

(52  0):    30  29  29  28  28  27  27  26  26  25
(52 10):    25  26  28  28  28  27  27  27  27  27
(52 20):    27  26  26  26  27  26  27  27  26  26
(52 30):    26  25  25  25  25  24  24  23  23  23
(52 40):    28  27  27  26  25  24  24  23  22  21
(52 50):    21  20  19  18  18  17  16  16  16  16
(52 60):    15  15  15  15  15  15  15  15  32  31
(52 70):    30  29  28  27  26  25  24  23  22  21
(52 80):    20  19  18  17  16  15  14  13  12  11
(52 90):    10   9   8   7   6   5   4   3   2   1

(53  0):    29  28  28  27  27  26  26  26  26  27
(53 10):    28  29  28  28  28  28  27  27  27  27
(53 20):    27  27  27  27  27  27  27  27  27  26
(53 30):    26  26  25  25  25  24  24  24  23  29
(53 40):    28  27  26  26  25  24  23  23  22  21
(53 50):    20  19  19  18  17  17  16  16  16  16
(53 60):    16  16  15  15  15  15  15  33  32  31
(53 70):    30  29  28  27  26  25  24  23  22  21
(53 80):    20  19  18  17  16  15  14  13  12  11
(53 90):    10   9   8   7   6   5   4   3   2   1

(54  0):    28  28  27  27  27  27  27  27  28  29
(54 10):    29  29  29  28  28  28  28  28  27  27
(54 20):    27  28  28  28  28  28  27  27  27  26
(54 30):    26  26  25  25  25  24  24  24  24  28
(54 40):    27  27  26  25  24  24  23  22  21  21
(54 50):    20  19  18  18  17  17  17  17  16  16
(54 60):    16  16  16  16  15  15  15  33  32  31
(54 70):    30  29  28  27  26  25  24  23  22  21
(54 80):    20  19  18  17  16  15  14  13  12  11
(54 90):    10   9   8   7   6   5   4   3   2   1

(55  0):    28  28  28  28  28  28  28  29  30  30
(55 10):    29  29  29  29  28  28  28  28  28  28
(55 20):    28  28  28  28  28  28  28  27  27  27
(55 30):    26  26  26  25  25  25  24  25  29  28
(55 40):    27  26  25  25  24  23  22  22  21  20
(55 50):    19  19  18  18  17  17  17  17  17  17
(55 60):    16  16  16  16  16  16  34  33  32  31
(55 70):    30  29  28  27  26  25  24  23  22  21
(55 80):    20  19  18  17  16  15  14  13  12  11
(55 90):    10   9   8   7   6   5   4   3   2   1

(56  0):    29  28  28  28  29  29  30  30  30  30
(56 10):    29  29  29  29  29  28  28  28  29  28
(56 20):    29  29  29  29  29  28  28  27  27  27
(56 30):    26  26  26  25  25  25  25  29  28  27
(56 40):    27  26  25  24  23  23  22  21  20  20
(56 50):    19  18  18  18  18  18  17  17  17  17
(56 60):    17  17  16  16  16  16  34  33  32  31
(56 70):    30  29  28  27  26  25  24  23  22  21
(56 80):    20  19  18  17  16  15  14  13  12  11
(56 90):    10   9   8   7   6   5   4   3   2   1

(57  0):    29  29  29  29  30  31  31  30  30  30
(57 10):    30  29  29  29  29  29  29  29  29  30
(57 20):    30  30  29  29  29  28  28  28  27  27
(57 30):    26  26  26  25  25  25  29  28  27  27
(57 40):    26  25  24  24  23  22  21  20  20  19
(57 50):    19  19  19  18  18  18  18  18  17  17
(57 60):    17  17  17  17  16  35  34  33  32  31
(57 70):    30  29  28  27  26  25  24  23  22  21
(57 80):    20  19  18  17  16  15  14  13  12  11
(57 90):    10   9   8   7   6   5   4   3   2   1

(58  0):    30  30  31  31  31  31  31  31  30  30
(58 10):    30  30  30  29  30  30  30  30  31  30
(58 20):    30  30  29  29  29  28  28  28  27  27
(58 30):    27  26  26  26  27  29  28  28  27  26
(58 40):    25  24  24  23  22  21  21  20  20  20
(58 50):    19  19  19  19  19  18  18  18  18  18
(58 60):    17  17  17  17  36  35  34  33  32  31
(58 70):    30  29  28  27  26  25  24  23  22  21
(58 80):    20  19  18  17  16  15  14  13  12  11
(58 90):    10   9   8   7   6   5   4   3   2   1

(59  0):    31  31  32  32  32  31  31  31  31  30
(59 10):    30  30  30  30  31  31  31  31  31  31
(59 20):    30  30  30  29  29  28  28  28  27  27
(59 30):    27  26  26  27  28  28  28  27  26  25
(59 40):    25  24  23  22  22  21  21  21  20  20
(59 50):    20  20  19  19  19  19  19  18  18  18
(59 60):    18  18  17  18  36  35  34  33  32  31
(59 70):    30  29  28  27  26  25  24  23  22  21
(59 80):    20  19  18  17  16  15  14  13  12  11
(59 90):    10   9   8   7   6   5   4   3   2   1

(60  0):    32  32  32  32  32  31  31  31  31  31
(60 10):    31  31  31  32  32  32  32  32  31  31
(60 20):    30  30  30  29  29  29  28  28  28  27
(60 30):    27  27  27  27  27  27  27  26  25  25
(60 40):    24  23  23  22  22  22  21  21  21  20
(60 50):    20  20  20  20  19  19  19  19  19  18
(60 60):    18  18  18  37  36  35  34  33  32  31
(60 70):    30  29  28  27  26  25  24  23  22  21
(60 80):    20  19  18  17  16  15  14  13  12  11
(60 90):    10   9   8   7   6   5   4   3   2   1

(61  0):    32  32  32  32  32  32  32  32  32  32
(61 10):    32  33  33  33  33  32  32  32  31  31
(61 20):    31  30  30  29  29  29  28  28  28  27
(61 30):    27  27  27  26  26  26  26  25  24  24
(61 40):    24  23  23  23  22  22  22  21  21  21
(61 50):    21  20  20  20  20  20  19  19  19  19
(61 60):    19  18  38  37  36  35  34  33  32  31
(61 70):    30  29  28  27  26  25  24  23  22  21
(61 80):    20  19  18  17  16  15  14  13  12  11
(61 90):    10   9   8   7   6   5   4   3   2   1

(62  0):    32  32  32  32  32  33  33  33  33  33
(62 10):    34  34  34  33  33  33  32  32  31  31
(62 20):    31  30  30  30  29  29  29  28  28  27
(62 30):    27  26  26  25  25  25  24  25  25  24
(62 40):    24  24  23  23  23  22  22  22  22  21
(62 50):    21  21  21  20  20  20  20  20  19  19
(62 60):    19  20  38  37  36  35  34  33  32  31
(62 70):    30  29  28  27  26  25  24  23  22  21
(62 80):    20  19  18  17  16  15  14  13  12  11
(62 90):    10   9   8   7   6   5   4   3   2   1

(63  0):    32  33  34  34  34  34  35  35  35  35
(63 10):    35  34  34  33  33  33  32  32  32  31
(63 20):    31  30  30  30  29  29  28  28  27  27
(63 30):    26  25  25  24  24  23  23  25  25  25
(63 40):    24  24  24  23  23  23  23  22  22  22
(63 50):    22  21  21  21  21  20  20  20  20  20
(63 60):    19  39  38  37  36  35  34  33  32  31
(63 70):    30  29  28  27  26  25  24  23  22  21
(63 80):    20  19  18  17  16  15  14  13  12  11
(63 90):    10   9   8   7   6   5   4   3   2   1

(64  0):    32  35  35  36  35  36  36  36  35  35
(64 10):    35  34  34  34  33  33  32  32  32  31
(64 20):    31  31  30  30  29  28  28  27  26  26
(64 30):    25  24  24  23  23  22  22  26  25  25
(64 40):    25  24  24  24  24  23  23  23  23  22
(64 50):    22  22  22  21  21  21  21  20  20  20
(64 60):    40  39  38  37  36  35  34  33  32  31
(64 70):    30  29  28  27  26  25  24  23  22  21
(64 80):    20  19  18  17  16  15  14  13  12  11
(64 90):    10   9   8   7   6   5   4   3   2   1

(65  0):    37  37  37  37  37  37  36  36  36  35
(65 10):    35  34  34  34  33  33  33  32  32  32
(65 20):    31  30  30  29  28  28  27  26  25  25
(65 30):    24  23  23  22  22  21  27  26  26  26
(65 40):    25  25  25  24  24  24  24  23  23  23
(65 50):    23  22  22  22  22  21  21  21  20  21
(65 60):    40  39  38  37  36  35  34  33  32  31
(65 70):    30  29  28  27  26  25  24  23  22  21
(65 80):    20  19  18  17  16  15  14  13  12  11
(65 90):    10   9   8   7   6   5   4   3   2   1

(66  0):    39  38  38  38  37  37  37  36  36  35
(66 10):    35  35  34  34  34  33  33  32  32  31
(66 20):    30  30  29  28  27  27  26  25  24  24
(66 30):    23  22  22  21  21  27  27  27  26  26
(66 40):    26  25  25  25  25  24  24  24  24  23
(66 50):    23  23  22  22  22  22  21  21  21  41
(66 60):    40  39  38  37  36  35  34  33  32  31
(66 70):    30  29  28  27  26  25  24  23  22  21
(66 80):    20  19  18  17  16  15  14  13  12  11
(66 90):    10   9   8   7   6   5   4   3   2   1

(67  0):    39  39  38  38  37  37  37  36  36  36
(67 10):    35  35  34  34  33  33  32  31  31  30
(67 20):    29  29  28  27  26  25  25  24  23  22
(67 30):    22  21  21  29  28  28  28  27  27  27
(67 40):    26  26  26  25  25  25  25  24  24  24
(67 50):    23  23  23  23  22  22  21  21  42  41
(67 60):    40  39  38  37  36  35  34  33  32  31
(67 70):    30  29  28  27  26  25  24  23  22  21
(67 80):    20  19  18  17  16  15  14  13  12  11
(67 90):    10   9   8   7   6   5   4   3   2   1

(68  0):    39  39  38  38  38  37  37  36  36  36
(68 10):    35  35  34  33  33  32  31  30  30  29
(68 20):    28  27  26  26  25  24  23  22  22  21
(68 30):    20  30  30  29  29  28  28  28  28  27
(68 40):    27  27  26  26  26  25  25  25  25  24
(68 50):    24  24  23  23  22  22  21  43  42  41
(68 60):    40  39  38  37  36  35  34  33  32  31
(68 70):    30  29  28  27  26  25  24  23  22  21
(68 80):    20  19  18  17  16  15  14  13  12  11
(68 90):    10   9   8   7   6   5   4   3   2   1

(69  0):    39  39  39  38  38  37  37  36  36  35
(69 10):    34  33  33  32  31  30  30  29  28  27
(69 20):    26  26  25  24  23  22  22  21  20  31
(69 30):    31  30  30  30  29  29  29  28  28  28
(69 40):    27  27  27  27  26  26  26  25  25  25
(69 50):    24  24  23  23  22  22  44  43  42  41
(69 60):    40  39  38  37  36  35  34  33  32  31
(69 70):    30  29  28  27  26  25  24  23  22  21
(69 80):    20  19  18  17  16  15  14  13  12  11
(69 90):    10   9   8   7   6   5   4   3   2   1

(70  0):    40  39  38  38  37  36  36  35  34  33
(70 10):    33  32  31  30  29  29  28  27  26  25
(70 20):    25  24  23  22  21  21  20  33  32  32
(70 30):    31  31  31  30  30  30  29  29  29  28
(70 40):    28  28  27  27  27  27  26  26  25  25
(70 50):    24  24  23  23  23  45  44  43  42  41
(70 60):    40  39  38  37  36  35  34  33  32  31
(70 70):    30  29  28  27  26  25  24  23  22  21
(70 80):    20  19  18  17  16  15  14  13  12  11
(70 90):    10   9   8   7   6   5   4   3   2   1

(71  0):    38  38  37  36  35  35  34  33  32  31
(71 10):    31  30  29  28  27  27  26  25  24  23
(71 20):    23  22  21  21  34  34  33  33  33  32
(71 30):    32  32  31  31  31  30  30  30  29  29
(71 40):    29  28  28  28  27  27  26  26  25  25
(71 50):    24  24  23  47  46  45  44  43  42  41
(71 60):    40  39  38  37  36  35  34  33  32  31
(71 70):    30  29  28  27  26  25  24  23  22  21
(71 80):    20  19  18  17  16  15  14  13  12  11
(71 90):    10   9   8   7   6   5   4   3   2   1

(72  0):    36  35  35  34  33  32  31  31  30  29
(72 10):    28  27  27  26  25  24  23  23  22  22
(72 20):    22  36  36  35  35  34  34  34  33  33
(72 30):    33  32  32  32  31  31  31  30  30  30
(72 40):    29  29  28  28  27  27  26  26  25  25
(72 50):    24  24  48  47  46  45  44  43  42  41
(72 60):    40  39  38  37  36  35  34  33  32  31
(72 70):    30  29  28  27  26  25  24  23  22  21
(72 80):    20  19  18  17  16  15  14  13  12  11
(72 90):    10   9   8   7   6   5   4   3   2   1

(73  0):    34  33  32  31  30  29  29  28  27  26
(73 10):    25  25  24  24  24  24  23  24  38  37
(73 20):    37  37  36  36  36  35  35  34  34  34
(73 30):    33  33  33  32  32  32  31  31  30  30
(73 40):    29  29  28  28  27  27  26  26  25  25
(73 50):    50  49  48  47  46  45  44  43  42  41
(73 60):    40  39  38  37  36  35  34  33  32  31
(73 70):    30  29  28  27  26  25  24  23  22  21
(73 80):    20  19  18  17  16  15  14  13  12  11
(73 90):    10   9   8   7   6   5   4   3   2   1

(74  0):    30  29  29  28  27  26  26  26  26  26
(74 10):    25  25  25  25  40  40  39  39  39  38
(74 20):    38  37  37  37  36  36  35  35  35  34
(74 30):    34  34  33  33  32  32  31  31  30  30
(74 40):    29  29  28  28  27  27  26  26  26  51
(74 50):    50  49  48  47  46  45  44  43  42  41
(74 60):    40  39  38  37  36  35  34  33  32  31
(74 70):    30  29  28  27  26  25  24  23  22  21
(74 80):    20  19  18  17  16  15  14  13  12  11
(74 90):    10   9   8   7   6   5   4   3   2   1

(75  0):    28  28  28  28  28  27  27  27  27  27
(75 10):    43  42  42  41  41  40  40  40  39  39
(75 20):    39  38  38  37  37  37  36  36  35  35
(75 30):    34  34  33  33  32  32  31  31  30  30
(75 40):    29  29  28  28  27  27  27  53  52  51
(75 50):    50  49  48  47  46  45  44  43  42  41
(75 60):    40  39  38  37  36  35  34  33  32  31
(75 70):    30  29  28  27  26  25  24  23  22  21
(75 80):    20  19  18  17  16  15  14  13  12  11
(75 90):    10   9   8   7   6   5   4   3   2   1

(76  0):    30  29  29  29  29  30  45  45  44  44
(76 10):    43  43  42  42  42  41  41  40  40  40
(76 20):    39  39  38  38  37  37  36  36  35  35
(76 30):    34  34  33  33  32  32  31  31  30  30
(76 40):    29  29  28  28  56  55  54  53  52  51
(76 50):    50  49  48  47  46  45  44  43  42  41
(76 60):    40  39  38  37  36  35  34  33  32  31
(76 70):    30  29  28  27  26  25  24  23  22  21
(76 80):    20  19  18  17  16  15  14  13  12  11
(76 90):    10   9   8   7   6   5   4   3   2   1

(77  0):    48  48  48  47  47  46  46  45  45  45
(77 10):    44  44  43  43  42  42  41  41  40  40
(77 20):    39  39  38  38  37  37  36  36  35  35
(77 30):    34  34  33  33  32  32  31  31  30  30
(77 40):    29  29  58  57  56  55  54  53  52  51
(77 50):    50  49  48  47  46  45  44  43  42  41
(77 60):    40  39  38  37  36  35  34  33  32  31
(77 70):    30  29  28  27  26  25  24  23  22  21
(77 80):    20  19  18  17  16  15  14  13  12  11
(77 90):    10   9   8   7   6   5   4   3   2   1

(78  0):    49  49  48  48  47  47  46  46  45  45
(78 10):    44  44  43  43  42  42  41  41  40  40
(78 20):    39  39  38  38  37  37  36  36  35  35
(78 30):    34  34  33  33  32  32  31  31  31  61
(78 40):    60  59  58  57  56  55  54  53  52  51
(78 50):    50  49  48  47  46  45  44  43  42  41
(78 60):    40  39  38  37  36  35  34  33  32  31
(78 70):    30  29  28  27  26  25  24  23  22  21
(78 80):    20  19  18  17  16  15  14  13  12  11
(78 90):    10   9   8   7   6   5   4   3   2   1

(79  0):    49  49  48  48  47  47  46  46  45  45
(79 10):    44  44  43  43  42  42  41  41  40  40
(79 20):    39  39  38  38  37  37  36  36  35  35
(79 30):    34  34  33  33  32  65  64  63  62  61
(79 40):    60  59  58  57  56  55  54  53  52  51
(79 50):    50  49  48  47  46  45  44  43  42  41
(79 60):    40  39  38  37  36  35  34  33  32  31
(79 70):    30  29  28  27  26  25  24  23  22  21
(79 80):    20  19  18  17  16  15  14  13  12  11
(79 90):    10   9   8   7   6   5   4   3   2   1

(80  0):    49  49  48  48  47  47  46  46  45  45
(80 10):    44  44  43  43  42  42  41  41  40  40
(80 20):    39  39  38  38  37  37  36  36  35  35
(80 30):    35  69  68  67  66  65  64  63  62  61
(80 40):    60  59  58  57  56  55  54  53  52  51
(80 50):    50  49  48  47  46  45  44  43  42  41
(80 60):    40  39  38  37  36  35  34  33  32  31
(80 70):    30  29  28  27  26  25  24  23  22  21
(80 80):    20  19  18  17  16  15  14  13  12  11
(80 90):    10   9   8   7   6   5   4   3   2   1

(81  0):    49  49  48  48  47  47  46  46  45  45
(81 10):    44  44  43  43  42  42  41  41  40  40
(81 20):    39  39  38  38  37  75  74  73  72  71
(81 30):    70  69  68  67  66  65  64  63  62  61
(81 40):    60  59  58  57  56  55  54  53  52  51
(81 50):    50  49  48  47  46  45  44  43  42  41
(81 60):    40  39  38  37  36  35  34  33  32  31
(81 70):    30  29  28  27  26  25  24  23  22  21
(81 80):    20  19  18  17  16  15  14  13  12  11
(81 90):    10   9   8   7   6   5   4   3   2   1

(82  0):    49  49  48  48  47  47  46  46  45  45
(82 10):    44  44  43  43  42  42  41  41  42  81
(82 20):    80  79  78  77  76  75  74  73  72  71
(82 30):    70  69  68  67  66  65  64  63  62  61
(82 40):    60  59  58  57  56  55  54  53  52  51
(82 50):    50  49  48  47  46  45  44  43  42  41
(82 60):    40  39  38  37  36  35  34  33  32  31
(82 70):    30  29  28  27  26  25  24  23  22  21
(82 80):    20  19  18  17  16  15  14  13  12  11
(82 90):    10   9   8   7   6   5   4   3   2   1

(83  0):    49  49  48  48  47  47  46  46  45  91
(83 10):    90  89  88  87  86  85  84  83  82  81
(83 20):    80  79  78  77  76  75  74  73  72  71
(83 30):    70  69  68  67  66  65  64  63  62  61
(83 40):    60  59  58  57  56  55  54  53  52  51
(83 50):    50  49  48  47  46  45  44  43  42  41
(83 60):    40  39  38  37  36  35  34  33  32  31
(83 70):    30  29  28  27  26  25  24  23  22  21
(83 80):    20  19  18  17  16  15  14  13  12  11
(83 90):    10   9   8   7   6   5   4   3   2   1

(84  0):   100  99  98  97  96  95  94  93  92  91
(84 10):    90  89  88  87  86  85  84  83  82  81
(84 20):    80  79  78  77  76  75  74  73  72  71
(84 30):    70  69  68  67  66  65  64  63  62  61
(84 40):    60  59  58  57  56  55  54  53  52  51
(84 50):    50  49  48  47  46  45  44  43  42  41
(84 60):    40  39  38  37  36  35  34  33  32  31
(84 70):    30  29  28  27  26  25  24  23  22  21
(84 80):    20  19  18  17  16  15  14  13  12  11
(84 90):    10   9   8   7   6   5   4   3   2   1

(85  0):   100  99  98  97  96  95  94  93  92  91
(85 10):    90  89  88  87  86  85  84  83  82  81
(85 20):    80  79  78  77  76  75  74  73  72  71
(85 30):    70  69  68  67  66  65  64  63  62  61
(85 40):    60  59  58  57  56  55  54  53  52  51
(85 50):    50  49  48  47  46  45  44  43  42  41
(85 60):    40  39  38  37  36  35  34  33  32  31
(85 70):    30  29  28  27  26  25  24  23  22  21
(85 80):    20  19  18  17  16  15  14  13  12  11
(85 90):    10   9   8   7   6   5   4   3   2   1

(86  0):   100  99  98  97  96  95  94  93  92  91
(86 10):    90  89  88  87  86  85  84  83  82  81
(86 20):    80  79  78  77  76  75  74  73  72  71
(86 30):    70  69  68  67  66  65  64  63  62  61
(86 40):    60  59  58  57  56  55  54  53  52  51
(86 50):    50  49  48  47  46  45  44  43  42  41
(86 60):    40  39  38  37  36  35  34  33  32  31
(86 70):    30  29  28  27  26  25  24  23  22  21
(86 80):    20  19  18  17  16  15  14  13  12  11
(86 90):    10   9   8   7   6   5   4   3   2   1

(87  0):   100  99  98  97  96  95  94  93  92  91
(87 10):    90  89  88  87  86  85  84  83  82  81
(87 20):    80  79  78  77  76  75  74  73  72  71
(87 30):    70  69  68  67  66  65  64  63  62  61
(87 40):    60  59  58  57  56  55  54  53  52  51
(87 50):    50  49  48  47  46  45  44  43  42  41
(87 60):    40  39  38  37  36  35  34  33  32  31
(87 70):    30  29  28  27  26  25  24  23  22  21
(87 80):    20  19  18  17  16  15  14  13  12  11
(87 90):    10   9   8   7   6   5   4   3   2   1

(88  0):   100  99  98  97  96  95  94  93  92  91
(88 10):    90  89  88  87  86  85  84  83  82  81
(88 20):    80  79  78  77  76  75  74  73  72  71
(88 30):    70  69  68  67  66  65  64  63  62  61
(88 40):    60  59  58  57  56  55  54  53  52  51
(88 50):    50  49  48  47  46  45  44  43  42  41
(88 60):    40  39  38  37  36  35  34  33  32  31
(88 70):    30  29  28  27  26  25  24  23  22  21
(88 80):    20  19  18  17  16  15  14  13  12  11
(88 90):    10   9   8   7   6   5   4   3   2   1

(89  0):   100  99  98  97  96  95  94  93  92  91
(89 10):    90  89  88  87  86  85  84  83  82  81
(89 20):    80  79  78  77  76  75  74  73  72  71
(89 30):    70  69  68  67  66  65  64  63  62  61
(89 40):    60  59  58  57  56  55  54  53  52  51
(89 50):    50  49  48  47  46  45  44  43  42  41
(89 60):    40  39  38  37  36  35  34  33  32  31
(89 70):    30  29  28  27  26  25  24  23  22  21
(89 80):    20  19  18  17  16  15  14  13  12  11
(89 90):    10   9   8   7   6   5   4   3   2   1

(90  0):   100  99  98  97  96  95  94  93  92  91
(90 10):    90  89  88  87  86  85  84  83  82  81
(90 20):    80  79  78  77  76  75  74  73  72  71
(90 30):    70  69  68  67  66  65  64  63  62  61
(90 40):    60  59  58  57  56  55  54  53  52  51
(90 50):    50  49  48  47  46  45  44  43  42  41
(90 60):    40  39  38  37  36  35  34  33  32  31
(90 70):    30  29  28  27  26  25  24  23  22  21
(90 80):    20  19  18  17  16  15  14  13  12  11
(90 90):    10   9   8   7   6   5   4   3   2   1

(91  0):   100  99  98  97  96  95  94  93  92  91
(91 10):    90  89  88  87  86  85  84  83  82  81
(91 20):    80  79  78  77  76  75  74  73  72  71
(91 30):    70  69  68  67  66  65  64  63  62  61
(91 40):    60  59  58  57  56  55  54  53  52  51
(91 50):    50  49  48  47  46  45  44  43  42  41
(91 60):    40  39  38  37  36  35  34  33  32  31
(91 70):    30  29  28  27  26  25  24  23  22  21
(91 80):    20  19  18  17  16  15  14  13  12  11
(91 90):    10   9   8   7   6   5   4   3   2   1

(92  0):   100  99  98  97  96  95  94  93  92  91
(92 10):    90  89  88  87  86  85  84  83  82  81
(92 20):    80  79  78  77  76  75  74  73  72  71
(92 30):    70  69  68  67  66  65  64  63  62  61
(92 40):    60  59  58  57  56  55  54  53  52  51
(92 50):    50  49  48  47  46  45  44  43  42  41
(92 60):    40  39  38  37  36  35  34  33  32  31
(92 70):    30  29  28  27  26  25  24  23  22  21
(92 80):    20  19  18  17  16  15  14  13  12  11
(92 90):    10   9   8   7   6   5   4   3   2   1

(93  0):   100  99  98  97  96  95  94  93  92  91
(93 10):    90  89  88  87  86  85  84  83  82  81
(93 20):    80  79  78  77  76  75  74  73  72  71
(93 30):    70  69  68  67  66  65  64  63  62  61
(93 40):    60  59  58  57  56  55  54  53  52  51
(93 50):    50  49  48  47  46  45  44  43  42  41
(93 60):    40  39  38  37  36  35  34  33  32  31
(93 70):    30  29  28  27  26  25  24  23  22  21
(93 80):    20  19  18  17  16  15  14  13  12  11
(93 90):    10   9   8   7   6   5   4   3   2   1

(94  0):   100  99  98  97  96  95  94  93  92  91
(94 10):    90  89  88  87  86  85  84  83  82  81
(94 20):    80  79  78  77  76  75  74  73  72  71
(94 30):    70  69  68  67  66  65  64  63  62  61
(94 40):    60  59  58  57  56  55  54  53  52  51
(94 50):    50  49  48  47  46  45  44  43  42  41
(94 60):    40  39  38  37  36  35  34  33  32  31
(94 70):    30  29  28  27  26  25  24  23  22  21
(94 80):    20  19  18  17  16  15  14  13  12  11
(94 90):    10   9   8   7   6   5   4   3   2   1

(95  0):   100  99  98  97  96  95  94  93  92  91
(95 10):    90  89  88  87  86  85  84  83  82  81
(95 20):    80  79  78  77  76  75  74  73  72  71
(95 30):    70  69  68  67  66  65  64  63  62  61
(95 40):    60  59  58  57  56  55  54  53  52  51
(95 50):    50  49  48  47  46  45  44  43  42  41
(95 60):    40  39  38  37  36  35  34  33  32  31
(95 70):    30  29  28  27  26  25  24  23  22  21
(95 80):    20  19  18  17  16  15  14  13  12  11
(95 90):    10   9   8   7   6   5   4   3   2   1

(96  0):   100  99  98  97  96  95  94  93  92  91
(96 10):    90  89  88  87  86  85  84  83  82  81
(96 20):    80  79  78  77  76  75  74  73  72  71
(96 30):    70  69  68  67  66  65  64  63  62  61
(96 40):    60  59  58  57  56  55  54  53  52  51
(96 50):    50  49  48  47  46  45  44  43  42  41
(96 60):    40  39  38  37  36  35  34  33  32  31
(96 70):    30  29  28  27  26  25  24  23  22  21
(96 80):    20  19  18  17  16  15  14  13  12  11
(96 90):    10   9   8   7   6   5   4   3   2   1

(97  0):   100  99  98  97  96  95  94  93  92  91
(97 10):    90  89  88  87  86  85  84  83  82  81
(97 20):    80  79  78  77  76  75  74  73  72  71
(97 30):    70  69  68  67  66  65  64  63  62  61
(97 40):    60  59  58  57  56  55  54  53  52  51
(97 50):    50  49  48  47  46  45  44  43  42  41
(97 60):    40  39  38  37  36  35  34  33  32  31
(97 70):    30  29  28  27  26  25  24  23  22  21
(97 80):    20  19  18  17  16  15  14  13  12  11
(97 90):    10   9   8   7   6   5   4   3   2   1

(98  0):   100  99  98  97  96  95  94  93  92  91
(98 10):    90  89  88  87  86  85  84  83  82  81
(98 20):    80  79  78  77  76  75  74  73  72  71
(98 30):    70  69  68  67  66  65  64  63  62  61
(98 40):    60  59  58  57  56  55  54  53  52  51
(98 50):    50  49  48  47  46  45  44  43  42  41
(98 60):    40  39  38  37  36  35  34  33  32  31
(98 70):    30  29  28  27  26  25  24  23  22  21
(98 80):    20  19  18  17  16  15  14  13  12  11
(98 90):    10   9   8   7   6   5   4   3   2   1

(99  0):   100  99  98  97  96  95  94  93  92  91
(99 10):    90  89  88  87  86  85  84  83  82  81
(99 20):    80  79  78  77  76  75  74  73  72  71
(99 30):    70  69  68  67  66  65  64  63  62  61
(99 40):    60  59  58  57  56  55  54  53  52  51
(99 50):    50  49  48  47  46  45  44  43  42  41
(99 60):    40  39  38  37  36  35  34  33  32  31
(99 70):    30  29  28  27  26  25  24  23  22  21
(99 80):    20  19  18  17  16  15  14  13  12  11
(99 90):    10   9   8   7   6   5   4   3   2   1

